Losses: [1.498458743095398, 4.849621295928955, 15.455485343933105, 17.443153381347656, -0.5757022500038147], step: 28000, lr: 8.395527825908361e-05, reference_loss: 38.671016693115234
Losses: [0.6105672121047974, 5.478918075561523, 20.299896240234375, 15.782217025756836, -0.7070011496543884], step: 29000, lr: 8.343216151726415e-05, reference_loss: 41.464599609375
Losses: [0.7127435207366943, 4.8686981201171875, 18.936717987060547, 16.065200805664062, -0.9434686303138733], step: 30000, lr: 8.29123042622958e-05, reference_loss: 39.639888763427734
